focal_length: 7.18856e+02
cx: 6.071928e+02
cy: 1.852157e+02
baseline: 0.537165718864418
left_topic: "/camera/infra1/image_rect_raw"
right_topic: "/camera/infra2/image_rect_raw"
frame_rate: 30
